{
 "cells": [
  {
   "cell_type": "code",
   "execution_count": 1,
   "metadata": {},
   "outputs": [],
   "source": [
    "import os"
   ]
  },
  {
   "cell_type": "code",
   "execution_count": 2,
   "metadata": {},
   "outputs": [],
   "source": [
    "import numpy"
   ]
  },
  {
   "cell_type": "code",
   "execution_count": 3,
   "metadata": {},
   "outputs": [],
   "source": [
    "distance_file = os.path.join('benzene.xyz')"
   ]
  },
  {
   "cell_type": "code",
   "execution_count": 4,
   "metadata": {},
   "outputs": [
    {
     "name": "stdout",
     "output_type": "stream",
     "text": [
      "['C' 'H' 'C' 'H' 'C' 'H' 'C' 'H' 'C' 'H' 'C' 'H']\n"
     ]
    }
   ],
   "source": [
    "distances = numpy.genfromtxt(distance_file, dtype='unicode', skip_header=2)\n",
    "headers = distances[:,0]\n",
    "print(headers)\n",
    "#print(distances)"
   ]
  },
  {
   "cell_type": "code",
   "execution_count": 5,
   "metadata": {},
   "outputs": [
    {
     "name": "stdout",
     "output_type": "stream",
     "text": [
      "[['0.00000' '1.40272' '0.00000']\n",
      " ['0.00000' '2.49029' '0.00000']\n",
      " ['-1.21479' '0.70136' '0.00000']\n",
      " ['-2.15666' '1.24515' '0.00000']\n",
      " ['-1.21479' '-0.70136' '0.00000']\n",
      " ['-2.15666' '-1.24515' '0.00000']\n",
      " ['0.00000' '-1.40272' '0.00000']\n",
      " ['0.00000' '-2.49029' '0.00000']\n",
      " ['1.21479' '-0.70136' '0.00000']\n",
      " ['2.15666' '-1.24515' '0.00000']\n",
      " ['1.21479' '0.70136' '0.00000']\n",
      " ['2.15666' '1.24515' '0.00000']]\n"
     ]
    }
   ],
   "source": [
    "data = distances[:,1:]\n",
    "print(data)"
   ]
  },
  {
   "cell_type": "code",
   "execution_count": 6,
   "metadata": {},
   "outputs": [
    {
     "name": "stdout",
     "output_type": "stream",
     "text": [
      "[[ 0.       1.40272  0.     ]\n",
      " [ 0.       2.49029  0.     ]\n",
      " [-1.21479  0.70136  0.     ]\n",
      " [-2.15666  1.24515  0.     ]\n",
      " [-1.21479 -0.70136  0.     ]\n",
      " [-2.15666 -1.24515  0.     ]\n",
      " [ 0.      -1.40272  0.     ]\n",
      " [ 0.      -2.49029  0.     ]\n",
      " [ 1.21479 -0.70136  0.     ]\n",
      " [ 2.15666 -1.24515  0.     ]\n",
      " [ 1.21479  0.70136  0.     ]\n",
      " [ 2.15666  1.24515  0.     ]]\n"
     ]
    }
   ],
   "source": [
    "A = data.astype(numpy.float)\n",
    "print(A)"
   ]
  },
  {
   "cell_type": "code",
   "execution_count": 7,
   "metadata": {},
   "outputs": [
    {
     "name": "stdout",
     "output_type": "stream",
     "text": [
      "[['0.00000' '1.40272' '0.00000']\n",
      " ['0.00000' '2.49029' '0.00000']\n",
      " ['-1.21479' '0.70136' '0.00000']\n",
      " ['-2.15666' '1.24515' '0.00000']\n",
      " ['-1.21479' '-0.70136' '0.00000']\n",
      " ['-2.15666' '-1.24515' '0.00000']\n",
      " ['0.00000' '-1.40272' '0.00000']\n",
      " ['0.00000' '-2.49029' '0.00000']\n",
      " ['1.21479' '-0.70136' '0.00000']\n",
      " ['2.15666' '-1.24515' '0.00000']\n",
      " ['1.21479' '0.70136' '0.00000']\n",
      " ['2.15666' '1.24515' '0.00000']]\n"
     ]
    }
   ],
   "source": [
    "A = distances[:,1:]\n",
    "print(A)"
   ]
  },
  {
   "cell_type": "code",
   "execution_count": 8,
   "metadata": {},
   "outputs": [
    {
     "name": "stdout",
     "output_type": "stream",
     "text": [
      "[[ 0.       1.40272  0.     ]\n",
      " [ 0.       2.49029  0.     ]\n",
      " [-1.21479  0.70136  0.     ]\n",
      " [-2.15666  1.24515  0.     ]\n",
      " [-1.21479 -0.70136  0.     ]\n",
      " [-2.15666 -1.24515  0.     ]\n",
      " [ 0.      -1.40272  0.     ]\n",
      " [ 0.      -2.49029  0.     ]\n",
      " [ 1.21479 -0.70136  0.     ]\n",
      " [ 2.15666 -1.24515  0.     ]\n",
      " [ 1.21479  0.70136  0.     ]\n",
      " [ 2.15666  1.24515  0.     ]]\n"
     ]
    }
   ],
   "source": [
    "A = A.astype(numpy.float)\n",
    "print(A)"
   ]
  },
  {
   "cell_type": "code",
   "execution_count": 9,
   "metadata": {},
   "outputs": [
    {
     "name": "stdout",
     "output_type": "stream",
     "text": [
      "[[0.         1.08757    1.402719   2.16240853 2.42958173 3.41502531\n",
      "  2.80544    3.89301    2.42958173 3.41502531 1.402719   2.16240853]\n",
      " [1.08757    0.         2.16240267 2.49029235 3.41501749 4.31331593\n",
      "  3.89301    4.98058    3.41501749 4.31331593 2.16240267 2.49029235]\n",
      " [1.402719   2.16240267 0.         1.08757835 1.40272    2.16241076\n",
      "  2.42958173 3.41501749 2.805438   3.89301635 2.42958    3.41502308]\n",
      " [2.16240853 2.49029235 1.08757835 0.         2.16241076 2.4903\n",
      "  3.41502531 4.31331593 3.89301635 4.98059469 3.41502308 4.31332   ]\n",
      " [2.42958173 3.41501749 1.40272    2.16241076 0.         1.08757835\n",
      "  1.402719   2.16240267 2.42958    3.41502308 2.805438   3.89301635]\n",
      " [3.41502531 4.31331593 2.16241076 2.4903     1.08757835 0.\n",
      "  2.16240853 2.49029235 3.41502308 4.31332    3.89301635 4.98059469]\n",
      " [2.80544    3.89301    2.42958173 3.41502531 1.402719   2.16240853\n",
      "  0.         1.08757    1.402719   2.16240853 2.42958173 3.41502531]\n",
      " [3.89301    4.98058    3.41501749 4.31331593 2.16240267 2.49029235\n",
      "  1.08757    0.         2.16240267 2.49029235 3.41501749 4.31331593]\n",
      " [2.42958173 3.41501749 2.805438   3.89301635 2.42958    3.41502308\n",
      "  1.402719   2.16240267 0.         1.08757835 1.40272    2.16241076]\n",
      " [3.41502531 4.31331593 3.89301635 4.98059469 3.41502308 4.31332\n",
      "  2.16240853 2.49029235 1.08757835 0.         2.16241076 2.4903    ]\n",
      " [1.402719   2.16240267 2.42958    3.41502308 2.805438   3.89301635\n",
      "  2.42958173 3.41501749 1.40272    2.16241076 0.         1.08757835]\n",
      " [2.16240853 2.49029235 3.41502308 4.31332    3.89301635 4.98059469\n",
      "  3.41502531 4.31331593 2.16241076 2.4903     1.08757835 0.        ]]\n"
     ]
    }
   ],
   "source": [
    "A_1 = numpy.zeros((12,12))\n",
    "for num1 in range(12):\n",
    "    for num2 in range(12):\n",
    "        A_1[num1,num2] = (numpy.sqrt((A[num1,0]-A[num2,0])**2+(A[num1,1]-A[num2,1])**2+(A[num1,2]-A[num2,2])**2))\n",
    "print(A_1)"
   ]
  },
  {
   "cell_type": "code",
   "execution_count": 10,
   "metadata": {},
   "outputs": [
    {
     "name": "stdout",
     "output_type": "stream",
     "text": [
      "C  to C: 0.00000\n",
      "C  to H: 1.08757\n",
      "C  to C: 1.40272\n",
      "C  to H: 2.16241\n",
      "C  to C: 2.42958\n",
      "C  to H: 3.41503\n",
      "C  to C: 2.80544\n",
      "C  to H: 3.89301\n",
      "C  to C: 2.42958\n",
      "C  to H: 3.41503\n",
      "C  to C: 1.40272\n",
      "C  to H: 2.16241\n",
      "H  to C: 1.08757\n",
      "H  to H: 0.00000\n",
      "H  to C: 2.16240\n",
      "H  to H: 2.49029\n",
      "H  to C: 3.41502\n",
      "H  to H: 4.31332\n",
      "H  to C: 3.89301\n",
      "H  to H: 4.98058\n",
      "H  to C: 3.41502\n",
      "H  to H: 4.31332\n",
      "H  to C: 2.16240\n",
      "H  to H: 2.49029\n",
      "C  to C: 1.40272\n",
      "C  to H: 2.16240\n",
      "C  to C: 0.00000\n",
      "C  to H: 1.08758\n",
      "C  to C: 1.40272\n",
      "C  to H: 2.16241\n",
      "C  to C: 2.42958\n",
      "C  to H: 3.41502\n",
      "C  to C: 2.80544\n",
      "C  to H: 3.89302\n",
      "C  to C: 2.42958\n",
      "C  to H: 3.41502\n",
      "H  to C: 2.16241\n",
      "H  to H: 2.49029\n",
      "H  to C: 1.08758\n",
      "H  to H: 0.00000\n",
      "H  to C: 2.16241\n",
      "H  to H: 2.49030\n",
      "H  to C: 3.41503\n",
      "H  to H: 4.31332\n",
      "H  to C: 3.89302\n",
      "H  to H: 4.98059\n",
      "H  to C: 3.41502\n",
      "H  to H: 4.31332\n",
      "C  to C: 2.42958\n",
      "C  to H: 3.41502\n",
      "C  to C: 1.40272\n",
      "C  to H: 2.16241\n",
      "C  to C: 0.00000\n",
      "C  to H: 1.08758\n",
      "C  to C: 1.40272\n",
      "C  to H: 2.16240\n",
      "C  to C: 2.42958\n",
      "C  to H: 3.41502\n",
      "C  to C: 2.80544\n",
      "C  to H: 3.89302\n",
      "H  to C: 3.41503\n",
      "H  to H: 4.31332\n",
      "H  to C: 2.16241\n",
      "H  to H: 2.49030\n",
      "H  to C: 1.08758\n",
      "H  to H: 0.00000\n",
      "H  to C: 2.16241\n",
      "H  to H: 2.49029\n",
      "H  to C: 3.41502\n",
      "H  to H: 4.31332\n",
      "H  to C: 3.89302\n",
      "H  to H: 4.98059\n",
      "C  to C: 2.80544\n",
      "C  to H: 3.89301\n",
      "C  to C: 2.42958\n",
      "C  to H: 3.41503\n",
      "C  to C: 1.40272\n",
      "C  to H: 2.16241\n",
      "C  to C: 0.00000\n",
      "C  to H: 1.08757\n",
      "C  to C: 1.40272\n",
      "C  to H: 2.16241\n",
      "C  to C: 2.42958\n",
      "C  to H: 3.41503\n",
      "H  to C: 3.89301\n",
      "H  to H: 4.98058\n",
      "H  to C: 3.41502\n",
      "H  to H: 4.31332\n",
      "H  to C: 2.16240\n",
      "H  to H: 2.49029\n",
      "H  to C: 1.08757\n",
      "H  to H: 0.00000\n",
      "H  to C: 2.16240\n",
      "H  to H: 2.49029\n",
      "H  to C: 3.41502\n",
      "H  to H: 4.31332\n",
      "C  to C: 2.42958\n",
      "C  to H: 3.41502\n",
      "C  to C: 2.80544\n",
      "C  to H: 3.89302\n",
      "C  to C: 2.42958\n",
      "C  to H: 3.41502\n",
      "C  to C: 1.40272\n",
      "C  to H: 2.16240\n",
      "C  to C: 0.00000\n",
      "C  to H: 1.08758\n",
      "C  to C: 1.40272\n",
      "C  to H: 2.16241\n",
      "H  to C: 3.41503\n",
      "H  to H: 4.31332\n",
      "H  to C: 3.89302\n",
      "H  to H: 4.98059\n",
      "H  to C: 3.41502\n",
      "H  to H: 4.31332\n",
      "H  to C: 2.16241\n",
      "H  to H: 2.49029\n",
      "H  to C: 1.08758\n",
      "H  to H: 0.00000\n",
      "H  to C: 2.16241\n",
      "H  to H: 2.49030\n",
      "C  to C: 1.40272\n",
      "C  to H: 2.16240\n",
      "C  to C: 2.42958\n",
      "C  to H: 3.41502\n",
      "C  to C: 2.80544\n",
      "C  to H: 3.89302\n",
      "C  to C: 2.42958\n",
      "C  to H: 3.41502\n",
      "C  to C: 1.40272\n",
      "C  to H: 2.16241\n",
      "C  to C: 0.00000\n",
      "C  to H: 1.08758\n",
      "H  to C: 2.16241\n",
      "H  to H: 2.49029\n",
      "H  to C: 3.41502\n",
      "H  to H: 4.31332\n",
      "H  to C: 3.89302\n",
      "H  to H: 4.98059\n",
      "H  to C: 3.41503\n",
      "H  to H: 4.31332\n",
      "H  to C: 2.16241\n",
      "H  to H: 2.49030\n",
      "H  to C: 1.08758\n",
      "H  to H: 0.00000\n"
     ]
    }
   ],
   "source": [
    "for i in range(12):\n",
    "    for j in range(12):\n",
    "        print('{0:2s} to {1}: {2:.5f}'.format(headers[i], headers[j], A_1[i,j]))"
   ]
  },
  {
   "cell_type": "code",
   "execution_count": null,
   "metadata": {},
   "outputs": [],
   "source": []
  }
 ],
 "metadata": {
  "kernelspec": {
   "display_name": "Python 3",
   "language": "python",
   "name": "python3"
  },
  "language_info": {
   "codemirror_mode": {
    "name": "ipython",
    "version": 3
   },
   "file_extension": ".py",
   "mimetype": "text/x-python",
   "name": "python",
   "nbconvert_exporter": "python",
   "pygments_lexer": "ipython3",
   "version": "3.7.3"
  }
 },
 "nbformat": 4,
 "nbformat_minor": 2
}
